4.5260000000000000e+005
3.5850000000000000e+005
3.5210000000000000e+005
3.4130000000000000e+005
3.4220000000000000e+005
2.6970000000000000e+005
2.9920000000000000e+005
2.4140000000000000e+005
2.2670000000000000e+005
2.6110000000000000e+005
2.8150000000000000e+005
2.4180000000000000e+005
2.1350000000000000e+005
1.9130000000000000e+005
1.5920000000000000e+005
1.4000000000000000e+005
1.5250000000000000e+005
1.5550000000000000e+005
1.5870000000000000e+005
1.6290000000000000e+005
1.4750000000000000e+005
1.5980000000000000e+005
1.1390000000000000e+005
9.9700000000000000e+004
1.3260000000000000e+005
1.0750000000000000e+005
9.3800000000000000e+004
1.0550000000000000e+005
1.0890000000000000e+005
1.3200000000000000e+005
1.2230000000000000e+005
1.1520000000000000e+005
1.1040000000000000e+005
1.0490000000000000e+005
1.0970000000000000e+005
9.7200000000000000e+004
1.0450000000000000e+005
1.0390000000000000e+005
1.9140000000000000e+005
1.7600000000000000e+005
1.5540000000000000e+005
1.5000000000000000e+005
1.1880000000000000e+005
1.8880000000000000e+005
1.8440000000000000e+005
1.8230000000000000e+005
1.4250000000000000e+005
1.3750000000000000e+005
1.8750000000000000e+005
1.1250000000000000e+005
1.7190000000000000e+005
9.3800000000000000e+004
9.7500000000000000e+004
1.0420000000000000e+005
8.7500000000000000e+004
8.3100000000000000e+004
8.7500000000000000e+004
8.5300000000000000e+004
8.0300000000000000e+004
6.0000000000000000e+004
7.5700000000000000e+004
7.5000000000000000e+004
8.6100000000000000e+004
7.6100000000000000e+004
7.3500000000000000e+004
7.8400000000000000e+004
8.4400000000000000e+004
8.1300000000000000e+004
8.5000000000000000e+004
1.2920000000000000e+005
8.2500000000000000e+004
9.5200000000000000e+004
7.5000000000000000e+004
6.7500000000000000e+004
1.3750000000000000e+005
1.7750000000000000e+005
1.0210000000000000e+005
1.0830000000000000e+005
1.1250000000000000e+005
1.3130000000000000e+005
1.6250000000000000e+005
1.1250000000000000e+005
1.1250000000000000e+005
1.3750000000000000e+005
1.1880000000000000e+005
9.8200000000000000e+004
1.1880000000000000e+005
1.6250000000000000e+005
1.3750000000000000e+005
5.0000100000000000e+005
1.6250000000000000e+005
1.3750000000000000e+005
1.6250000000000000e+005
1.8750000000000000e+005
1.7920000000000000e+005
1.3000000000000000e+005
1.8380000000000000e+005
1.2500000000000000e+005
1.7000000000000000e+005
1.9310000000000000e+005
2.5780000000000000e+005
2.7340000000000000e+005
2.3750000000000000e+005
3.5000000000000000e+005
3.3570000000000000e+005
3.1340000000000000e+005
2.6850000000000000e+005
2.5940000000000000e+005
2.7570000000000000e+005
2.2500000000000000e+005
2.6250000000000000e+005
2.1850000000000000e+005
2.5500000000000000e+005
2.2410000000000000e+005
2.4310000000000000e+005
2.3160000000000000e+005
2.1850000000000000e+005
2.3410000000000000e+005
3.2760000000000000e+005
3.4760000000000000e+005
3.6610000000000000e+005
3.3500000000000000e+005
3.7360000000000000e+005
3.8950000000000000e+005
3.9110000000000000e+005
3.3730000000000000e+005
2.9520000000000000e+005
2.9230000000000000e+005
4.1150000000000000e+005
3.1150000000000000e+005
3.2590000000000000e+005
3.9260000000000000e+005
3.1930000000000000e+005
3.3330000000000000e+005
3.3520000000000000e+005
3.5120000000000000e+005
3.6890000000000000e+005
3.6590000000000000e+005
3.6670000000000000e+005
3.6280000000000000e+005
4.8330000000000000e+005
3.3140000000000000e+005
3.2350000000000000e+005
2.1670000000000000e+005
2.3310000000000000e+005
2.9640000000000000e+005
2.7370000000000000e+005
2.2770000000000000e+005
1.9960000000000000e+005
2.3980000000000000e+005
2.7010000000000000e+005
3.0210000000000000e+005
2.6950000000000000e+005
3.1470000000000000e+005
3.9010000000000000e+005
4.1030000000000000e+005
3.5240000000000000e+005
2.8730000000000000e+005
3.4870000000000000e+005
2.4380000000000000e+005
2.1150000000000000e+005
2.1840000000000000e+005
2.6990000000000000e+005
2.1880000000000000e+005
2.2500000000000000e+005
2.5000000000000000e+005
1.7140000000000000e+005
1.9380000000000000e+005
1.2500000000000000e+005
9.7500000000000000e+004
1.2500000000000000e+005
1.3880000000000000e+005
1.1670000000000000e+005
1.5180000000000000e+005
1.2700000000000000e+005
1.2860000000000000e+005
1.4060000000000000e+005
1.8270000000000000e+005
1.4690000000000000e+005
1.2280000000000000e+005
1.6930000000000000e+005
1.2660000000000000e+005
1.2790000000000000e+005
1.2350000000000000e+005
1.1190000000000000e+005
1.1280000000000000e+005
1.0790000000000000e+005
1.3750000000000000e+005
1.0550000000000000e+005
9.5500000000000000e+004
1.1610000000000000e+005
1.1220000000000000e+005
7.5000000000000000e+004
1.1250000000000000e+005
1.2500000000000000e+005
1.1500000000000000e+005
9.5000000000000000e+004
9.6400000000000000e+004
7.2000000000000000e+004
7.1300000000000000e+004
8.0800000000000000e+004
1.2880000000000000e+005
1.1250000000000000e+005
1.1940000000000000e+005
1.1810000000000000e+005
1.2250000000000000e+005
1.0630000000000000e+005
1.3250000000000000e+005
1.2270000000000000e+005
1.1330000000000000e+005
1.0950000000000000e+005
1.6470000000000000e+005
1.2500000000000000e+005
1.2470000000000000e+005
1.3670000000000000e+005
1.4170000000000000e+005
1.5000000000000000e+005
1.3880000000000000e+005
1.3920000000000000e+005
1.4380000000000000e+005
1.5650000000000000e+005
1.5100000000000000e+005
2.7300000000000000e+005
2.1710000000000000e+005
1.8710000000000000e+005
2.3960000000000000e+005
2.2970000000000000e+005
2.5730000000000000e+005
2.4690000000000000e+005
1.7990000000000000e+005
1.6960000000000000e+005
2.0330000000000000e+005
2.6340000000000000e+005
2.3180000000000000e+005
1.4050000000000000e+005
1.2600000000000000e+005
1.2200000000000000e+005
1.3470000000000000e+005
1.3940000000000000e+005
1.1540000000000000e+005
1.3730000000000000e+005
1.3700000000000000e+005
1.4260000000000000e+005
1.3750000000000000e+005
1.1170000000000000e+005
1.2680000000000000e+005
1.1130000000000000e+005
1.1480000000000000e+005
1.0230000000000000e+005
1.3190000000000000e+005
1.1910000000000000e+005
8.0600000000000000e+004
8.0600000000000000e+004
8.8800000000000000e+004
1.0240000000000000e+005
9.8700000000000000e+004
1.0000000000000000e+005
9.2300000000000000e+004
9.4800000000000000e+004
1.0200000000000000e+005
1.5840000000000000e+005
1.2160000000000000e+005
1.2910000000000000e+005
1.2140000000000000e+005
1.0280000000000000e+005
1.6000000000000000e+005
1.4390000000000000e+005
1.5120000000000000e+005
1.6440000000000000e+005
1.5650000000000000e+005
2.2500000000000000e+005
1.7420000000000000e+005
1.6690000000000000e+005
1.6350000000000000e+005
2.5300000000000000e+005
2.4070000000000000e+005
2.0810000000000000e+005
1.9810000000000000e+005
1.7280000000000000e+005
3.3670000000000000e+005
3.1820000000000000e+005
2.8580000000000000e+005
2.9300000000000000e+005
3.7100000000000000e+005
1.5730000000000000e+005
1.3530000000000000e+005
1.3670000000000000e+005
1.6070000000000000e+005
1.4060000000000000e+005
1.4400000000000000e+005
1.6190000000000000e+005
1.5630000000000000e+005
1.7600000000000000e+005
1.4580000000000000e+005
1.4190000000000000e+005
9.0700000000000000e+004
9.0600000000000000e+004
1.0790000000000000e+005
1.0700000000000000e+005
9.8200000000000000e+004
8.9500000000000000e+004
9.3800000000000000e+004
9.6700000000000000e+004
9.7500000000000000e+004
9.7300000000000000e+004
9.1200000000000000e+004
9.1400000000000000e+004
9.6200000000000000e+004
1.2010000000000000e+005
1.0000000000000000e+005
9.4700000000000000e+004
8.5700000000000000e+004
8.9300000000000000e+004
1.0140000000000000e+005
7.2500000000000000e+004
7.4100000000000000e+004
7.0000000000000000e+004
8.4600000000000000e+004
8.1800000000000000e+004
8.1400000000000000e+004
8.1800000000000000e+004
8.5800000000000000e+004
8.7100000000000000e+004
8.3500000000000000e+004
7.9700000000000000e+004
8.3400000000000000e+004
8.4700000000000000e+004
8.0000000000000000e+004
7.6400000000000000e+004
7.9700000000000000e+004
8.2400000000000000e+004
9.7700000000000000e+004
9.7200000000000000e+004
1.0160000000000000e+005
8.6500000000000000e+004
9.0500000000000000e+004
1.0760000000000000e+005
8.4200000000000000e+004
8.8900000000000000e+004
8.0700000000000000e+004
8.7100000000000000e+004
8.5100000000000000e+004
8.2000000000000000e+004
8.2800000000000000e+004
8.4600000000000000e+004
8.2100000000000000e+004
8.9300000000000000e+004
9.8300000000000000e+004
9.2300000000000000e+004
8.8800000000000000e+004
9.0000000000000000e+004
9.5500000000000000e+004
9.1700000000000000e+004
1.0040000000000000e+005
9.4800000000000000e+004
1.6430000000000000e+005
1.5550000000000000e+005
1.9690000000000000e+005
2.7910000000000000e+005
2.5280000000000000e+005
2.7540000000000000e+005
2.5000000000000000e+005
3.2980000000000000e+005
1.9550000000000000e+005
2.5590000000000000e+005
3.1110000000000000e+005
3.3000000000000000e+005
2.4890000000000000e+005
1.4290000000000000e+005
1.2630000000000000e+005
1.3580000000000000e+005
1.3060000000000000e+005
1.0790000000000000e+005
1.1110000000000000e+005
1.2200000000000000e+005
1.1800000000000000e+005
9.5200000000000000e+004
9.4300000000000000e+004
9.2500000000000000e+004
9.1800000000000000e+004
1.0940000000000000e+005
1.2950000000000000e+005
1.4340000000000000e+005
9.8200000000000000e+004
1.0310000000000000e+005
2.7680000000000000e+005
2.7090000000000000e+005
2.4620000000000000e+005
2.2420000000000000e+005
2.2910000000000000e+005
2.1160000000000000e+005
2.5610000000000000e+005
2.0630000000000000e+005
2.2130000000000000e+005
2.0740000000000000e+005
3.5000000000000000e+005
2.1820000000000000e+005
2.1670000000000000e+005
2.7060000000000000e+005
2.6140000000000000e+005
2.6130000000000000e+005
2.3220000000000000e+005
3.7540000000000000e+005
3.5730000000000000e+005
3.7440000000000000e+005
3.5880000000000000e+005
4.1750000000000000e+005
4.3050000000000000e+005
3.6290000000000000e+005
3.9700000000000000e+005
3.4680000000000000e+005
3.2710000000000000e+005
2.9010000000000000e+005
2.9200000000000000e+005
2.7090000000000000e+005
3.7110000000000000e+005
3.3560000000000000e+005
3.7130000000000000e+005
3.4400000000000000e+005
3.4220000000000000e+005
3.7090000000000000e+005
3.5000000000000000e+005
3.6860000000000000e+005
3.9180000000000000e+005
4.1530000000000000e+005
2.8490000000000000e+005
2.8750000000000000e+005
2.7290000000000000e+005
2.5960000000000000e+005
2.5450000000000000e+005
2.3560000000000000e+005
2.1840000000000000e+005
2.2920000000000000e+005
1.9210000000000000e+005
1.7930000000000000e+005
1.8750000000000000e+005
1.3880000000000000e+005
1.5000000000000000e+005
1.4060000000000000e+005
1.2000000000000000e+005
1.4480000000000000e+005
1.4480000000000000e+005
2.4550000000000000e+005
2.0000000000000000e+005
1.7370000000000000e+005
1.8560000000000000e+005
1.8260000000000000e+005
2.2790000000000000e+005
2.2070000000000000e+005
2.1200000000000000e+005
2.7140000000000000e+005
2.6880000000000000e+005
2.7780000000000000e+005
3.3250000000000000e+005
3.3890000000000000e+005
2.8750000000000000e+005
3.8460000000000000e+005
3.7140000000000000e+005
3.5000000000000000e+005
5.0000100000000000e+005
1.7500000000000000e+005
2.4170000000000000e+005
2.1670000000000000e+005
2.1130000000000000e+005
2.1020000000000000e+005
1.9640000000000000e+005
1.9170000000000000e+005
1.8230000000000000e+005
1.7500000000000000e+005
1.6590000000000000e+005
1.5690000000000000e+005
1.6430000000000000e+005
1.5000000000000000e+005
1.5050000000000000e+005
1.6990000000000000e+005
1.4740000000000000e+005
1.5270000000000000e+005
1.8270000000000000e+005
1.7930000000000000e+005
1.5770000000000000e+005
1.5310000000000000e+005
2.5000000000000000e+005
2.0630000000000000e+005
2.1880000000000000e+005
1.9820000000000000e+005
2.5360000000000000e+005
2.5740000000000000e+005
2.8950000000000000e+005
2.4170000000000000e+005
4.8960000000000000e+005
4.4620000000000000e+005
4.5630000000000000e+005
3.3680000000000000e+005
5.0000100000000000e+005
5.0000100000000000e+005
3.7690000000000000e+005
3.0960000000000000e+005
1.8230000000000000e+005
1.7270000000000000e+005
1.5080000000000000e+005
1.5360000000000000e+005
1.0630000000000000e+005
1.4230000000000000e+005
1.1940000000000000e+005
1.4790000000000000e+005
1.3290000000000000e+005
1.3250000000000000e+005
1.2690000000000000e+005
1.4380000000000000e+005
5.0000100000000000e+005
5.0000100000000000e+005
5.0000100000000000e+005
5.0000100000000000e+005
4.6610000000000000e+005
5.0000100000000000e+005
4.5780000000000000e+005
4.7160000000000000e+005
5.0000100000000000e+005
3.9860000000000000e+005
3.4070000000000000e+005
2.8990000000000000e+005
3.3530000000000000e+005
3.3300000000000000e+005
2.4100000000000000e+005
1.8960000000000000e+005
2.0630000000000000e+005
2.1570000000000000e+005
2.1020000000000000e+005
2.0880000000000000e+005
1.9790000000000000e+005
2.0130000000000000e+005
1.9080000000000000e+005
2.0790000000000000e+005
2.1530000000000000e+005
2.1290000000000000e+005
2.9270000000000000e+005
2.7500000000000000e+005
2.0000000000000000e+005
1.7340000000000000e+005
1.0220000000000000e+005
2.2080000000000000e+005
2.4280000000000000e+005
2.6540000000000000e+005
2.1900000000000000e+005
2.8210000000000000e+005
3.7200000000000000e+005
2.2580000000000000e+005
2.2080000000000000e+005
2.3450000000000000e+005
2.5420000000000000e+005
3.5180000000000000e+005
2.7500000000000000e+005
4.0540000000000000e+005
2.2810000000000000e+005
2.3400000000000000e+005
1.6250000000000000e+005
2.4340000000000000e+005
2.7380000000000000e+005
2.4850000000000000e+005
2.4400000000000000e+005
2.4090000000000000e+005
3.0630000000000000e+005
2.4000000000000000e+005
2.4710000000000000e+005
2.8660000000000000e+005
2.6670000000000000e+005
2.2980000000000000e+005
2.2930000000000000e+005
2.2840000000000000e+005
2.0620000000000000e+005
3.5070000000000000e+005
2.3100000000000000e+005
2.5290000000000000e+005
3.5390000000000000e+005
2.9170000000000000e+005
1.0000000000000000e+005
3.4160000000000000e+005
4.1250000000000000e+005
2.4860000000000000e+005
2.5490000000000000e+005
2.4150000000000000e+005
2.9520000000000000e+005
3.4040000000000000e+005
2.7470000000000000e+005
2.3860000000000000e+005
2.6640000000000000e+005
3.3020000000000000e+005
2.0680000000000000e+005
2.0920000000000000e+005
1.9580000000000000e+005
2.5350000000000000e+005
2.4180000000000000e+005
2.5250000000000000e+005
2.6390000000000000e+005
2.2700000000000000e+005
2.2090000000000000e+005
2.5930000000000000e+005
2.3250000000000000e+005
2.3160000000000000e+005
2.0940000000000000e+005
